version https://git-lfs.github.com/spec/v1
oid sha256:98f55c9cbef8d1bfaf25456c9c823279a33b0e0619ff7dfff8aab2c1b3c3fb96
size 113271394
